-4.302840	1.902176	-1.608196
3.420173	-5.604805	1.852154
-4.746304	3.838004	-1.133870
-6.346809	-0.470098	5.130702
6.141433	5.013841	-5.078691
-1.854736	-6.179424	0.628117
-3.964070	-6.751562	1.237182
-5.044949	-2.817640	2.185415
1.129812	6.444655	2.413211
-0.011241	-1.184119	-4.282523
-6.411994	-0.370480	1.721923
5.670333	-1.306722	-6.098541
2.357300	2.317299	2.900646
5.142013	-0.676169	-3.557101
4.912663	-2.538690	6.468313
-6.746563	-0.913905	-5.993705
6.656384	4.734060	3.361846
-5.407710	-3.739534	1.987812
-0.783072	-2.298933	4.683825
2.628783	3.241209	-0.159737
-1.675585	-5.262914	2.880686
-3.389239	4.736415	-0.857958
1.129692	2.630899	-4.623573
-0.548951	-1.674157	0.545754
5.101148	-1.562753	4.450223
-0.943396	4.247852	-4.554693
5.514094	0.181754	1.337001
-2.203602	2.057937	-5.064853
3.241257	-6.267704	-0.653883
-0.120108	-4.029363	0.691635
2.195351	6.069350	-0.030029
-2.352939	6.814393	-2.168882
-5.874056	5.571905	-2.173623
-1.275853	-0.535810	6.601119
-5.809551	-4.411857	-2.385705
-3.316530	-4.178310	6.773896
-2.600382	-3.354959	5.419453
3.030171	-3.805967	-4.033208
-3.678712	0.578201	4.989395
1.108267	-5.118361	-0.287234
-2.882638	4.182042	-3.089520
-6.196171	-5.128193	-3.050251
2.742244	-0.810245	4.197796
1.403992	1.990748	4.298521
-2.740505	-6.151090	2.635288
0.962686	0.047429	-6.723891
-6.681579	3.483126	2.102455
-6.756298	-3.291358	-3.123651
-3.027892	-6.386679	-4.629001
2.770404	6.073302	-5.224759
-0.237743	4.499033	4.200085
2.361338	-2.128347	-4.823282
-4.345794	-6.172836	-3.362786
-0.103241	1.734271	-2.261097
3.421306	-2.558805	-2.126755
1.229093	-4.210368	-4.027831
-0.225128	0.258498	-2.270414
5.937300	2.456740	-6.833658
3.567176	-6.829481	3.000734
-5.038642	3.884850	0.650905
-0.229769	6.663468	-0.477445
3.060601	-1.025730	2.424459
-1.565057	1.696111	6.167647
3.040854	3.733228	1.035841
-0.656260	5.795738	-2.085180
1.210159	3.609624	1.264807
-1.403469	0.975676	1.904532
0.957389	-3.585711	-5.964555
0.877953	5.170324	3.114025
2.364934	-0.625903	0.748831
-5.126656	1.466956	1.790041
-0.398277	-0.969987	1.933312
5.394928	0.832835	-1.189222
-0.238671	-2.727409	2.448473
-6.328205	-1.892131	-6.387851
1.689614	-4.921450	-1.782022
-4.825985	1.184587	-6.005857
1.791069	-1.588016	6.700046
1.566836	3.860705	-4.133263
0.892218	4.737175	0.631573
-2.235310	4.560241	1.386464
-0.134298	0.361885	2.997865
-6.676844	0.831829	2.981581
4.501926	0.110769	3.295221
2.727316	-5.079041	-6.205756
4.396451	-4.317092	-2.131001
-1.542305	-0.288847	-5.250485
2.436580	4.103177	4.269403
-2.282299	3.971847	-5.504024
1.137514	2.036982	5.814137
3.598772	-3.749090	-0.115959
-1.898191	-1.319755	2.906026
-6.234056	-1.824314	-4.401635
-1.368615	-1.235006	-4.655488
6.810333	5.900665	3.271192
5.242136	6.747746	6.396303
0.503976	3.106332	4.683349
4.480652	-3.323822	0.132090
-5.392609	-0.105804	-5.177656
5.928133	0.894948	-6.370862
-3.675069	-5.872501	-1.779882
-1.496081	6.218262	6.126452
-3.411578	-5.621950	-0.499450
0.398324	-0.408201	-2.964668
-3.351460	3.653504	-6.315282
-3.565587	-4.021875	1.663429
-2.987931	-5.090584	2.411731
-5.468235	2.988098	-0.426778
0.775974	5.405038	-1.388202
1.224974	-4.974673	-6.559725
-5.361132	-2.478406	-2.490358
1.854558	-0.398382	1.630944
2.447816	1.645545	-5.823009
-3.756629	4.933432	2.484727
2.688674	-3.569454	1.077203
2.715325	1.863419	0.168309
2.647258	3.140736	-6.743318
4.642313	2.611807	-4.249551
-5.866088	3.121905	3.549329
4.360876	1.040106	-0.357456
-2.004869	1.950759	4.870715
-2.461649	-1.456870	-5.136432
4.438756	-2.278962	0.409424
-0.449504	2.222227	4.388307
0.046018	4.300298	-4.927821
2.835417	-3.802032	-5.108742
4.478342	5.482611	3.963591
6.680567	0.229841	-4.958080
-0.792551	2.262572	3.075383
-3.853333	-5.348745	1.643389
-5.366047	-6.810392	-6.648539
3.814763	3.795031	-4.447608
0.553742	-2.714111	-3.980630
-5.754202	5.290534	2.486933
-4.455183	4.383127	-0.236454
-0.176666	5.664573	3.260465
4.058776	3.166510	-6.356757
6.172183	4.731769	2.439228
-5.381030	-4.126999	-4.202797
3.842791	-3.826386	-3.108159
-3.008546	4.114805	2.649085
-0.000496	-6.098166	-2.801570
4.423978	2.426431	4.006074
1.487644	-5.696617	-3.710914
6.325030	1.760542	4.640729
-6.130820	2.061964	3.635439
2.955928	4.670547	6.126764
-0.818317	1.050649	-5.347599
6.710812	-3.996395	-5.475609
-2.295947	3.071949	6.612164
4.013190	6.015156	-2.037772
-6.809126	0.764237	6.108294
-6.453640	-6.316242	1.411455
3.783077	4.244124	5.393477
-5.780804	2.208697	-5.397674
4.650670	-1.526426	-6.409640
6.652949	-2.088212	1.834392
-3.737123	4.272970	-3.923434
-1.416715	-6.650989	-4.461502
6.690588	-5.866838	-4.135403
4.874269	0.617784	5.687605
-3.430505	5.871411	3.168220
-3.816337	-3.882210	-1.577779
0.923633	-4.134348	6.477464
2.114168	6.828589	-1.736696
-6.388789	-2.952404	-4.707570
-3.304363	-2.064635	1.639737
4.997573	0.424475	-4.955803
2.859701	-0.295537	5.512358
2.296817	2.305658	1.858062
-2.629076	-3.404010	2.380445
-4.287052	0.024887	0.840480
-3.366119	0.715294	6.368405
-4.769819	-3.530551	5.096498
0.902593	4.120876	2.252427
1.068095	6.704000	-1.005129
3.258693	6.004051	-4.027112
-2.192975	-2.740151	-2.770998
-5.029039	-1.425344	-4.715259
3.043211	5.695038	-1.064245
-6.712961	1.796436	-5.738183
3.673362	-4.586900	-0.826083
-2.120743	2.836963	-0.986915
-1.033795	-0.368648	4.010048
-5.759809	-0.894311	-5.761710
-2.516007	-3.301735	6.642549
0.471940	-1.165728	5.819018
-2.354028	5.280330	0.341900
3.728967	-2.845690	-5.529808
-2.418350	-5.294670	6.433460
0.995769	-1.914352	0.047032
-4.320117	1.070969	0.419030
3.334299	-3.511163	-6.833566
-5.078471	-3.478000	0.536815
-1.178826	-6.689264	-3.371818
-0.591318	3.782521	0.267282
-5.597363	-5.893509	2.779469
-2.535554	-0.537124	-3.797852
-5.288389	-3.234129	-5.956544
0.716813	-6.771386	4.483009
2.217597	5.686757	6.132629
3.561205	-5.682451	-1.990730
1.261482	-1.428685	3.677654
-3.239065	2.557466	-3.878858
-4.685206	-5.744605	-4.280999
0.967923	0.217596	-2.023407
-5.565115	4.195124	4.449300
-1.625970	1.004837	-2.723903
-6.699754	5.680226	6.251727
-3.867721	6.703519	4.678854
2.821073	-5.634915	-4.250015
5.266803	2.722827	-2.794371
0.363952	-6.748163	-4.218275
-1.667286	3.917383	6.785261
4.593827	4.895882	5.484106
4.451368	3.635224	-0.414739
3.368675	-6.822632	6.138577
3.939443	-3.615631	4.863835
6.270515	3.685186	-0.252312
-0.847661	6.447984	3.137542
4.512208	4.997099	-1.760307
-0.086383	2.922740	-0.432307
3.497382	-2.850066	1.107207
-6.645201	0.257394	-3.570025
5.313938	-3.136960	-0.666654
-1.804516	-2.578387	-5.472616
-5.578412	-6.025801	5.239481
1.982784	1.149288	2.341401
-0.654200	3.244722	1.504370
-1.005205	-5.147152	-0.139604
-6.009975	5.335172	-4.390753
-2.170705	-3.200021	3.272988
2.429310	0.561151	-3.652326
3.785952	2.065634	3.304219
-2.024813	6.143807	-1.255101
1.276797	6.591762	5.749990
-0.181219	3.510214	-6.258654
-1.096925	4.822458	6.360429
2.718874	-6.079048	6.585993
1.601785	4.369504	-5.078374
-1.874387	-5.447370	4.692989
3.982385	-1.587290	4.131366
-2.741303	-2.708032	-4.990186
-6.324470	4.939012	-5.593425
2.436308	-4.154413	6.594283
-4.578116	4.978163	-4.508446
1.619567	-4.605510	2.864123
-5.181839	3.950636	-5.929152
-1.992581	-4.022340	-1.527609
4.073533	1.072700	6.299906
-2.662005	-2.327106	-3.711668
-6.428703	-0.673304	-4.359386
1.366469	-6.200640	2.399536
4.782114	5.308759	1.386051
-1.114118	0.396186	-1.407098
3.762584	-0.767770	-1.605386
