-3.515395 	 -0.799682 	 -1.340474 	 1 
3.771492 	 6.071267 	 1.388112 	 2 
3.994700 	 4.018360 	 -2.630448 	 3 
0.726835 	 0.180675 	 4.822669 	 4 
3.290257 	 5.040291 	 6.218526 	 5 
-3.742716 	 6.152827 	 -0.272893 	 6 
-1.949582 	 -3.802300 	 1.734466 	 7 
-4.679058 	 0.464037 	 5.734516 	 8 
3.909149 	 4.914919 	 -0.674587 	 9 
-0.531153 	 -3.250991 	 -1.874765 	 10 
2.537225 	 0.073518 	 4.165457 	 11 
-5.643154 	 -2.994894 	 3.396820 	 12 
2.584863 	 -5.840097 	 0.575276 	 13 
6.794319 	 1.726642 	 -6.083953 	 14 
4.777083 	 -1.823005 	 5.796242 	 15 
4.155705 	 1.274182 	 5.109165 	 16 
-2.957091 	 6.164505 	 -5.533039 	 17 
5.617279 	 -5.354457 	 1.770902 	 18 
-3.002600 	 -1.976461 	 3.434831 	 19 
1.962539 	 -6.279140 	 -3.331554 	 20 
-0.711907 	 -5.082389 	 0.513456 	 21 
-4.154991 	 4.342377 	 1.513262 	 22 
3.260189 	 4.296792 	 -3.600000 	 23 
4.016140 	 2.233971 	 1.416898 	 24 
2.972478 	 -0.450227 	 -4.148823 	 25 
1.241739 	 3.432585 	 -4.824223 	 26 
2.548604 	 2.209960 	 -3.338776 	 27 
-2.520397 	 -0.118054 	 -4.784084 	 28 
4.165425 	 3.719250 	 0.079359 	 29 
0.760352 	 -1.158115 	 0.640123 	 30 
4.268702 	 4.969882 	 2.397638 	 31 
-2.057746 	 -6.025013 	 -0.099889 	 32 
6.295420 	 4.075079 	 -2.643002 	 33 
-4.144484 	 1.251315 	 6.430873 	 34 
4.112318 	 -2.616111 	 -0.859258 	 35 
6.803398 	 5.465533 	 -4.266576 	 36 
-4.860728 	 1.174233 	 4.783288 	 37 
-1.359600 	 5.493740 	 -2.174670 	 38 
-6.064325 	 -3.260291 	 0.386465 	 39 
1.415702 	 -5.831493 	 -1.483557 	 40 
3.713450 	 -1.593819 	 -3.433491 	 41 
-6.178486 	 -1.625986 	 -4.798286 	 42 
-0.197840 	 -1.662491 	 -6.172657 	 43 
2.375488 	 0.316684 	 1.841480 	 44 
0.318872 	 5.796988 	 0.495316 	 45 
4.984107 	 -0.346697 	 -3.525327 	 46 
6.528687 	 0.428882 	 0.054286 	 47 
5.431595 	 -1.181981 	 -6.826542 	 48 
-2.076975 	 -4.308435 	 -1.580458 	 49 
1.329438 	 -3.237987 	 6.361046 	 50 
1.188880 	 4.065496 	 3.072570 	 51 
1.856127 	 -0.398920 	 -3.450650 	 52 
-3.142297 	 6.759857 	 -4.493566 	 53 
-6.172309 	 4.592843 	 -4.411381 	 54 
0.721880 	 -2.171812 	 -2.566797 	 55 
0.217481 	 -4.327657 	 -4.455296 	 56 
-0.261377 	 1.659509 	 -0.191960 	 57 
4.473684 	 -3.991515 	 -2.966368 	 58 
4.095604 	 -5.277685 	 3.394569 	 59 
6.441942 	 5.755141 	 1.458725 	 60 
1.601679 	 6.422737 	 -0.788336 	 61 
4.030203 	 0.304713 	 3.879756 	 62 
-5.376498 	 2.089290 	 -6.540268 	 63 
4.554531 	 3.887228 	 1.482444 	 64 
3.337222 	 -2.735194 	 3.994690 	 65 
5.721830 	 3.843333 	 -1.185705 	 66 
-1.310034 	 1.477113 	 1.662685 	 67 
2.563502 	 -4.656441 	 -0.472703 	 68 
-0.801786 	 6.279067 	 1.089516 	 69 
4.051508 	 0.642881 	 -0.412414 	 70 
-3.576732 	 -2.166821 	 6.732203 	 71 
-6.536880 	 -0.703415 	 1.981589 	 72 
-6.237245 	 -2.988788 	 -0.971086 	 73 
2.085103 	 -6.491469 	 3.133624 	 74 
4.894089 	 -2.079672 	 -5.225739 	 75 
-0.283130 	 -6.356074 	 -3.042275 	 76 
6.084070 	 -0.317956 	 -3.603112 	 77 
0.333683 	 2.274827 	 -4.561911 	 78 
-0.073978 	 2.749604 	 -6.085851 	 79 
-0.181678 	 3.052627 	 0.050638 	 80 
-5.039992 	 3.655287 	 3.901754 	 81 
0.828826 	 -1.099514 	 4.250189 	 82 
-2.877455 	 4.980279 	 3.480550 	 83 
4.099501 	 3.034465 	 -5.439026 	 84 
5.713667 	 -4.088570 	 -4.955197 	 85 
-4.168513 	 -4.844403 	 1.566751 	 86 
-0.931721 	 2.329183 	 -2.998326 	 87 
1.346271 	 2.667619 	 3.328010 	 88 
-1.818707 	 2.411964 	 -4.549567 	 89 
5.071835 	 4.211875 	 5.945623 	 90 
2.133685 	 -1.799203 	 -1.993794 	 91 
-3.815384 	 -0.577157 	 6.020950 	 92 
-2.414507 	 -1.703394 	 -4.907523 	 93 
-0.529800 	 0.967997 	 -2.912022 	 94 
-5.802953 	 -6.803627 	 6.257065 	 95 
-5.473269 	 5.649692 	 4.678422 	 96 
0.604344 	 -3.008919 	 0.250482 	 97 
2.894681 	 -4.776988 	 -2.377546 	 98 
-6.833297 	 -3.099334 	 -2.013503 	 99 
-3.846812 	 -0.074814 	 4.249244 	 100 
-4.665765 	 4.350583 	 -4.294054 	 101 
-2.733384 	 -3.019121 	 3.513848 	 102 
1.194497 	 -1.982170 	 3.550124 	 103 
0.611658 	 2.896359 	 -1.907233 	 104 
-4.143465 	 4.262994 	 -3.097445 	 105 
-6.304946 	 -1.972565 	 0.733540 	 106 
0.785440 	 -5.917788 	 2.796456 	 107 
5.247797 	 2.922517 	 0.153153 	 108 
5.897449 	 5.922216 	 -3.020994 	 109 
3.306788 	 -5.583453 	 -5.510315 	 110 
5.852639 	 -1.476933 	 -1.689533 	 111 
-0.763197 	 0.329222 	 -0.775343 	 112 
4.169474 	 3.025661 	 -3.352253 	 113 
-5.767875 	 3.560618 	 1.515086 	 114 
1.805569 	 -2.493846 	 2.437202 	 115 
4.755178 	 3.824999 	 -5.390965 	 116 
1.808998 	 2.882544 	 -6.308652 	 117 
5.627907 	 -0.650572 	 -5.052201 	 118 
-5.243644 	 0.125548 	 -6.482348 	 119 
4.308567 	 -1.472853 	 0.103931 	 120 
-1.016251 	 -6.507187 	 4.449988 	 121 
-5.418952 	 -1.905162 	 -6.475869 	 122 
-0.059233 	 -3.989888 	 4.189034 	 123 
1.389706 	 4.659013 	 0.231674 	 124 
1.920958 	 3.447016 	 6.421006 	 125 
-2.820473 	 -4.847238 	 -1.167988 	 126 
4.047765 	 -3.250979 	 5.797464 	 127 
4.405321 	 4.409841 	 -3.587322 	 128 
0.948633 	 1.878504 	 1.779729 	 129 
-5.787340 	 -5.977650 	 2.112446 	 130 
5.502552 	 -4.556699 	 -6.632620 	 131 
5.866587 	 2.223972 	 -3.782605 	 132 
3.215718 	 -3.226226 	 -5.963496 	 133 
-3.392512 	 5.534636 	 4.323424 	 134 
-3.811409 	 2.403394 	 1.048127 	 135 
0.971760 	 6.422825 	 3.040793 	 136 
6.643676 	 3.630686 	 6.629718 	 137 
5.601236 	 1.196103 	 4.199656 	 138 
-4.825990 	 -4.695168 	 -0.761744 	 139 
3.793644 	 -3.642603 	 0.100510 	 140 
-0.933814 	 -4.979955 	 2.383715 	 141 
-0.726531 	 -5.953272 	 -2.232217 	 142 
2.330768 	 4.102350 	 1.381461 	 143 
0.690696 	 -3.101571 	 -4.360317 	 144 
1.929183 	 5.289111 	 2.194129 	 145 
-5.672465 	 2.242851 	 5.391429 	 146 
1.267948 	 -5.530867 	 -6.428430 	 147 
-3.188241 	 0.582506 	 -5.541797 	 148 
1.419446 	 -3.926630 	 5.400456 	 149 
-4.038997 	 6.120450 	 6.110294 	 150 
5.356688 	 1.710066 	 -5.960992 	 151 
-6.260612 	 -0.350221 	 5.392776 	 152 
6.272486 	 -2.620694 	 1.828070 	 153 
-5.163799 	 -6.363976 	 -4.319776 	 154 
-6.612274 	 1.743876 	 -3.010739 	 155 
-6.342140 	 2.775988 	 6.605489 	 156 
6.608058 	 -1.186816 	 -0.263172 	 157 
-4.063026 	 -2.670033 	 -5.393010 	 158 
-3.184114 	 -2.090741 	 1.096673 	 159 
-4.631241 	 -2.658159 	 5.315883 	 160 
4.036732 	 3.663720 	 4.624372 	 161 
-2.525895 	 5.339825 	 5.100299 	 162 
3.823397 	 6.206560 	 -1.440093 	 163 
1.395164 	 -5.536036 	 5.374892 	 164 
1.880203 	 -5.038272 	 1.310976 	 165 
-5.457287 	 -2.493240 	 -2.545873 	 166 
-4.010394 	 1.162549 	 2.203290 	 167 
3.926183 	 3.371212 	 6.385036 	 168 
2.402162 	 0.568040 	 3.208852 	 169 
0.186630 	 4.882050 	 1.708773 	 170 
-1.552975 	 -1.963621 	 0.436325 	 171 
5.291201 	 -4.980128 	 -0.197019 	 172 
-2.988796 	 3.254939 	 1.106848 	 173 
-4.453807 	 -1.704761 	 2.908480 	 174 
3.697073 	 6.780931 	 4.478266 	 175 
3.478650 	 -5.600470 	 -0.321116 	 176 
3.023782 	 3.641596 	 -6.592980 	 177 
-0.607270 	 -3.011679 	 5.128973 	 178 
-5.738401 	 2.275250 	 -3.674552 	 179 
1.537827 	 0.726547 	 -1.814776 	 180 
-5.499096 	 4.577656 	 -5.399741 	 181 
2.447656 	 -6.716055 	 -0.264598 	 182 
-1.483768 	 3.820921 	 -0.323570 	 183 
-3.845406 	 0.802250 	 1.000074 	 184 
-1.860380 	 2.077610 	 5.153229 	 185 
-5.552709 	 -1.283644 	 6.392663 	 186 
1.213003 	 1.132867 	 -6.657228 	 187 
-0.497928 	 2.234369 	 2.457926 	 188 
2.667424 	 -3.067708 	 -3.655431 	 189 
-4.547093 	 -6.119147 	 -5.793830 	 190 
2.028213 	 -0.763011 	 4.866995 	 191 
-5.135262 	 2.231487 	 -1.170659 	 192 
2.704716 	 -6.468797 	 -5.932953 	 193 
1.018041 	 -5.181602 	 -0.376693 	 194 
-3.074749 	 -3.002521 	 -4.343594 	 195 
-2.892073 	 3.339455 	 4.730680 	 196 
-4.089578 	 0.019622 	 -0.063928 	 197 
-2.121279 	 -2.499259 	 6.733721 	 198 
-4.094188 	 -0.794616 	 2.125304 	 199 
1.575058 	 -4.929804 	 2.496411 	 200 
2.482009 	 2.928141 	 4.154713 	 201 
-4.734589 	 -3.340962 	 -0.060811 	 202 
5.965069 	 4.372023 	 0.276123 	 203 
5.518816 	 6.688201 	 -0.537280 	 204 
-1.385015 	 -3.319055 	 -5.064751 	 205 
6.111718 	 1.399570 	 -0.724106 	 206 
6.005535 	 4.145286 	 5.321182 	 207 
1.290936 	 -1.119560 	 -6.448526 	 208 
-3.052557 	 -5.477455 	 3.319520 	 209 
-5.737748 	 -3.372140 	 6.818461 	 210 
1.041345 	 -6.743285 	 0.402750 	 211 
4.537138 	 1.756541 	 -5.118861 	 212 
-2.840046 	 -6.468378 	 -1.598012 	 213 
-1.064893 	 6.483244 	 6.641462 	 214 
5.050905 	 5.648875 	 3.946844 	 215 
-6.055420 	 4.008767 	 0.135996 	 216 
2.313142 	 3.959994 	 5.341692 	 217 
-6.124774 	 -3.944803 	 4.985033 	 218 
-6.323216 	 -5.733802 	 3.794004 	 219 
-2.199259 	 -4.714786 	 5.930670 	 220 
5.458239 	 2.506852 	 -1.718384 	 221 
-0.467453 	 3.291336 	 -4.549521 	 222 
6.508447 	 -4.829215 	 4.553285 	 223 
-3.957736 	 2.602788 	 -2.326483 	 224 
4.499252 	 -0.692156 	 -1.205191 	 225 
1.453352 	 -3.068528 	 -3.406811 	 226 
5.347263 	 -2.617616 	 5.155035 	 227 
5.379291 	 0.641364 	 2.947100 	 228 
-3.178997 	 -6.665993 	 -0.601468 	 229 
-3.175233 	 -4.115283 	 -2.827895 	 230 
-6.179497 	 -5.929285 	 0.187034 	 231 
-0.544784 	 2.363971 	 3.958410 	 232 
2.888309 	 0.871330 	 -5.499110 	 233 
1.203439 	 0.319951 	 3.363823 	 234 
-2.249116 	 2.520244 	 -2.660806 	 235 
3.989319 	 -5.208274 	 -2.818352 	 236 
-2.181225 	 2.766284 	 -6.785215 	 237 
-1.302035 	 3.426691 	 -5.874596 	 238 
5.724903 	 -3.957997 	 3.329279 	 239 
2.843408 	 5.770216 	 -2.639294 	 240 
0.708121 	 -5.062465 	 -3.460007 	 241 
4.713308 	 -0.471678 	 5.900141 	 242 
-4.787401 	 -3.322262 	 -6.148037 	 243 
2.783741 	 2.465696 	 -5.130772 	 244 
2.838429 	 -5.676243 	 5.135823 	 245 
3.803737 	 -6.791245 	 -5.662078 	 246 
2.174378 	 -5.895417 	 2.019328 	 247 
5.554275 	 5.657795 	 -5.292253 	 248 
4.614512 	 -5.969510 	 -1.774612 	 249 
5.306379 	 0.104545 	 -6.538239 	 250 
-2.385262 	 -0.755036 	 -1.891317 	 251 
3.397489 	 -4.811199 	 -6.265525 	 252 
4.580366 	 -4.715824 	 4.678767 	 253 
4.688503 	 6.617801 	 -1.924772 	 254 
-1.909512 	 1.952275 	 -0.980285 	 255 
-6.730088 	 0.666647 	 -2.162393 	 256 
