0.025000 0 0.000000
 0.075000 0 0.000000
 0.125000 0 0.000000
 0.175000 0 0.000000
 0.225000 0 0.000000
 0.275000 0 0.000000
 0.325000 0 0.000000
 0.375000 0 0.000000
 0.425000 0 0.000000
 0.475000 0 0.000000
 0.525000 0 0.000000
 0.575000 0 0.000000
 0.625000 0 0.000000
 0.675000 0 0.000000
 0.725000 0 0.000000
 0.775000 0 0.000000
 0.825000 0 0.000000
 0.875000 0 0.000000
 0.925000 0 0.000000
 0.975000 0 0.000000
 1.025000 7178 2.174301
 1.075000 6406 1.764176
 1.125000 6553 1.647835
 1.175000 6183 1.425306
 1.225000 6590 1.397665
 1.275000 6789 1.329168
 1.325000 6221 1.127787
 1.375000 6282 1.057535
 1.425000 6788 1.063941
 1.475000 6899 1.009278
 1.525000 7191 0.984149
 1.575000 7323 0.939597
 1.625000 7257 0.874714
 1.675000 7867 0.892478
 1.725000 8661 0.926423
 1.775000 8913 0.900427
 1.825000 9485 0.906431
 1.875000 9939 0.899838
 1.925000 11590 0.995515
 1.975000 11899 0.970964
 2.025000 12784 0.992304
 2.075000 13532 1.000357
 2.125000 14981 1.055973
 2.175000 15403 1.036377
 2.225000 16576 1.065741
 2.275000 17555 1.079619
 2.325000 17772 1.046463
 2.375000 17686 0.998014
 2.425000 18069 0.978015
 2.475000 19306 1.003176
 2.525000 19106 0.953856
 2.575000 20419 0.980204
 2.625000 21853 1.009461
 2.675000 21537 0.958021
 2.725000 23724 1.016934
 2.775000 24190 0.999881
 2.825000 25710 1.025425
 2.875000 25583 0.985179
 